0 110.347839 105.435867 314.877201
1 110.013565 102.613625 314.692202
2 110.103279 103.355339 314.523504
3 111.736816 105.185837 314.359729
4 107.878693 101.864388 314.209372
5 107.543251 101.222458 314.051352
6 109.653824 104.875687 313.931898
7 112.067902 104.307358 313.737885
8 111.412979 103.324539 313.535674
9 111.608719 107.938896 313.443928
10 113.710564 107.507164 313.288843
11 113.609467 107.330879 313.131878
12 108.904579 103.431030 312.995040
13 107.543251 102.300537 312.863972
14 105.945396 102.711136 312.783115
15 105.600838 101.148987 312.671819
16 107.311646 101.976128 312.538431
17 106.389542 100.234802 312.384563
18 107.618164 102.711136 312.261887
19 108.764862 103.937798 312.141210
20 107.543251 102.575470 312.017016
21 111.602234 107.715790 311.919855
22 109.207672 103.263329 311.771246
23 106.868660 99.533234 311.587860
24 106.766609 101.402489 311.453757
25 110.885796 103.335106 311.264990
26 110.680687 103.512520 311.085786
27 107.437637 101.061180 310.926375
28 105.224426 99.904182 310.793369
29 107.437637 102.575470 310.671814
30 107.076416 101.061180 310.521433
31 107.417969 102.324722 310.394102
32 108.434952 101.733086 310.226556
33 110.760963 102.528809 310.020752
34 114.356392 102.967079 309.736019
35 112.699593 105.008911 309.543752
36 108.657890 105.945396 309.475940
37 105.350136 99.255730 309.323579
38 106.232353 101.911224 309.215551
39 105.255119 103.840691 309.180190
40 106.733597 101.645973 309.053000
41 107.650124 101.717438 308.904683
42 110.071526 102.898750 308.725363
43 108.771317 101.231766 308.536875
44 109.772354 103.477821 308.379511
45 106.868660 99.605202 308.197925
46 105.484177 99.865814 308.057466
47 104.125488 98.508705 307.917046
48 103.948090 99.147079 307.797021
49 100.400551 95.290077 307.669259
50 102.246338 95.659485 307.504588
51 100.137802 94.619926 307.366641
52 101.309929 97.740341 307.277401
53 102.699585 98.673172 307.176741
54 102.002296 97.244507 307.057796
55 100.341644 94.122292 306.902312
56 99.752426 94.304474 306.766113
57 98.481606 97.125015 306.732199
58 97.125015 95.710587 306.696838
59 97.815292 96.225830 306.657101
60 96.645279 95.946861 306.639641
61 98.392929 97.696053 306.622219
62 95.663696 97.125015 306.658752
63 97.001266 95.247139 306.614899
64 99.309937 96.766174 306.551305
65 97.853317 95.253807 306.486317
66 98.259438 95.839493 306.425818
67 101.929329 101.040939 306.403609
68 97.907158 96.842773 306.376999
69 99.057884 96.766174 306.319706
70 97.997467 95.092117 306.247073
71 101.017113 91.735710 306.015038
72 96.225830 96.072456 306.011203
73 105.219467 102.283958 305.937815
74 101.003540 93.731400 305.756012
75 94.447388 91.145752 305.673471
76 97.338608 96.072456 305.641817
77 102.482483 96.981064 305.504282
78 99.936394 94.666862 305.372544
79 0.000000 0.000000 305.397544
80 103.355339 98.202362 305.268719
81 97.932755 94.763641 305.189491
82 94.085617 93.576332 305.176759
83 99.898254 94.004173 305.029407
84 94.127586 93.576332 305.015626
85 99.188828 94.573921 304.900253
86 95.389305 94.763641 304.884612
87 100.701355 95.946861 304.765749
88 94.014175 93.503540 304.752983
89 0.000000 91.123306 304.777983
90 102.154938 96.766174 304.643264
91 0.000000 94.014175 304.668264
92 0.000000 0.000000 304.693264
93 0.000000 0.000000 304.718264
94 0.000000 0.000000 304.743264
95 0.000000 0.000000 304.768264
96 0.000000 0.000000 304.793264
97 0.000000 0.000000 304.818264
98 0.000000 0.000000 304.843264
99 0.000000 0.000000 304.868264
100 0.000000 0.000000 304.893264
101 0.000000 0.000000 304.918264
102 0.000000 0.000000 304.943264
103 0.000000 0.000000 304.968264
104 0.000000 0.000000 304.993264
105 0.000000 0.000000 305.018264
106 0.000000 0.000000 305.043264
107 0.000000 0.000000 305.068264
108 0.000000 0.000000 305.093264
109 0.000000 0.000000 305.118264
110 0.000000 0.000000 305.143264
111 0.000000 0.000000 305.168264
112 0.000000 0.000000 305.193264
113 0.000000 0.000000 305.218264
114 0.000000 0.000000 305.243264
115 0.000000 0.000000 305.268264
116 0.000000 0.000000 305.293264
117 0.000000 0.000000 305.318264
118 0.000000 0.000000 305.343264
119 0.000000 0.000000 305.368264
120 0.000000 0.000000 305.393264
121 0.000000 0.000000 305.418264
122 0.000000 0.000000 305.443264
123 0.000000 0.000000 305.468264
124 0.000000 0.000000 305.493264
125 0.000000 0.000000 305.518264
126 0.000000 0.000000 305.543264
127 0.000000 0.000000 305.568264
128 0.000000 0.000000 305.593264
129 0.000000 0.000000 305.618264
130 0.000000 0.000000 305.643264
131 0.000000 0.000000 305.668264
132 0.000000 0.000000 305.693264
133 0.000000 0.000000 305.718264
134 0.000000 0.000000 305.743264
135 0.000000 0.000000 305.768264
136 0.000000 0.000000 305.793264
137 0.000000 0.000000 305.818264
138 0.000000 0.000000 305.843264
139 0.000000 0.000000 305.868264
140 0.000000 0.000000 305.893264
141 0.000000 0.000000 305.918264
142 0.000000 0.000000 305.943264
143 0.000000 0.000000 305.968264
144 0.000000 0.000000 305.993264
145 0.000000 0.000000 306.018264
146 0.000000 0.000000 306.043264
147 0.000000 0.000000 306.068264
148 0.000000 0.000000 306.093264
149 0.000000 0.000000 306.118264
150 0.000000 0.000000 306.143264
151 0.000000 0.000000 306.168264
152 0.000000 0.000000 306.193264
153 0.000000 0.000000 306.218264
154 0.000000 0.000000 306.243264
155 0.000000 0.000000 306.268264
156 0.000000 0.000000 306.293264
157 0.000000 0.000000 306.318264
158 0.000000 0.000000 306.343264
159 0.000000 0.000000 306.368264
160 0.000000 0.000000 306.393264
161 0.000000 0.000000 306.418264
162 0.000000 0.000000 306.443264
163 0.000000 0.000000 306.468264
164 0.000000 0.000000 306.493264
165 0.000000 0.000000 306.518264
166 0.000000 0.000000 306.543264
167 0.000000 0.000000 306.568264
168 0.000000 0.000000 306.593264
169 0.000000 0.000000 306.618264
170 0.000000 0.000000 306.643264
171 0.000000 0.000000 306.668264
172 0.000000 0.000000 306.693264
173 0.000000 0.000000 306.718264
174 0.000000 0.000000 306.743264
175 0.000000 0.000000 306.768264
176 0.000000 0.000000 306.793264
177 0.000000 0.000000 306.818264
178 0.000000 0.000000 306.843264
179 0.000000 0.000000 306.868264
180 0.000000 0.000000 306.893264
181 0.000000 0.000000 306.918264
182 0.000000 0.000000 306.943264
183 0.000000 0.000000 306.968264
184 0.000000 0.000000 306.993264
185 0.000000 0.000000 307.018264
186 0.000000 0.000000 307.043264
187 0.000000 0.000000 307.068264
188 0.000000 0.000000 307.093264
189 0.000000 0.000000 307.118264
190 0.000000 0.000000 307.143264
191 0.000000 0.000000 307.168264
192 0.000000 0.000000 307.193264
193 0.000000 0.000000 307.218264
194 0.000000 0.000000 307.243264
195 0.000000 0.000000 307.268264
196 0.000000 0.000000 307.293264
197 0.000000 0.000000 307.318264
198 0.000000 0.000000 307.343264
199 0.000000 0.000000 307.368264
200 96.881721 0.000000 307.393264
201 137.202591 137.027328 307.388883
202 139.049576 141.009003 307.437868
203 126.158180 131.219437 307.564400
204 126.719315 125.251404 307.527702
205 141.061798 135.248032 307.382358
206 145.819397 135.248032 307.118074
207 149.898712 138.221039 306.826132
208 152.801880 130.006256 306.256241
209 145.819397 132.064331 305.912365
210 134.483841 120.101311 305.552801
211 139.320801 119.160263 305.048788
212 147.642151 114.880371 304.229743
213 149.406677 115.602196 303.384631
214 143.707367 110.224861 302.547569
215 133.976959 109.163246 301.927226
216 145.213974 107.927917 300.995074
217 133.505661 110.784866 300.427055
218 137.447037 112.739418 299.809364
219 154.875046 115.887024 298.834664
220 133.185806 113.735870 298.348415
221 135.770752 115.295547 297.836535
222 152.793015 126.104141 297.169313
223 146.929321 110.323135 296.254159
224 131.358810 111.172577 295.749503
225 133.692108 114.293884 295.264547
226 152.935303 117.807037 294.386341
227 146.415848 126.104141 293.878548
228 139.320801 123.495193 293.482908
229 141.965408 129.805573 293.178912
230 138.012802 133.760010 293.072592
231 135.254654 136.750854 293.109997
232 128.659805 133.976959 293.242926
233 129.214447 119.701416 293.005100
234 125.251404 117.969841 292.823061
235 127.303940 116.725098 292.558590
236 133.994919 120.052444 292.210028
237 133.218033 114.325577 291.737717
238 133.185806 118.950996 291.381846
239 138.094070 129.942749 291.178063
240 140.785553 119.160263 290.637431
241 132.990433 119.789574 290.307410
242 130.297943 118.401894 290.010008
243 133.492569 120.052444 289.674005
244 135.248032 116.404572 289.202919
245 136.720810 115.628426 288.675609
246 127.223572 113.244980 288.326144
247 130.985825 119.875992 288.048399
248 130.640594 115.448006 287.668584
249 127.504143 114.111023 287.333756
250 130.297943 119.744881 287.069929
251 132.688873 122.630936 286.818481
252 137.798904 127.811455 286.568795
253 132.488632 113.846809 286.102749
254 135.250214 112.322853 285.529565
255 137.726303 120.593315 285.101240
256 135.250214 117.859657 284.666476
257 129.410141 112.868492 284.252935
258 128.990997 113.148460 283.856872
259 127.290672 112.380135 283.484108
260 130.914383 115.104576 283.088863
261 136.481461 116.565048 282.590953
262 128.198685 114.356392 282.244896
263 126.080154 113.198593 281.922857
264 125.079979 111.326218 281.579012
265 130.914383 114.193207 281.160983
266 124.602661 112.456940 280.857340
267 122.161179 113.247269 280.634492
268 121.087509 111.399818 280.392300
269 125.618492 111.938477 280.050300
270 125.788971 111.665962 279.697224
271 127.811455 107.715790 279.194833
272 138.576340 108.681915 278.447472
273 126.869904 109.272194 278.007529
274 124.695160 105.655785 277.531545
275 128.659805 108.904579 277.037664
276 132.150528 112.087173 276.536081
277 133.279190 110.955772 275.977995
278 131.516739 107.189583 275.369816
279 142.409439 107.402695 274.494648
280 142.409439 109.813789 273.679756
281 134.754105 109.604088 273.051006
282 142.001282 113.394478 272.335836
283 141.225830 113.051300 271.631473
284 141.562714 116.411026 271.002680
285 137.511368 113.198593 270.394861
286 134.249451 112.680565 269.855639
287 131.693253 113.439941 269.399306
288 134.492966 115.312889 268.919804
289 140.057251 114.951515 268.292161
290 135.000000 115.602196 267.807216
291 126.799850 114.473717 267.499062
292 126.797661 112.958054 267.153072
293 131.325485 113.247269 266.701117
294 131.633530 108.904579 266.132893
295 132.531891 113.670532 265.661359
296 138.848160 115.144791 265.068775
297 127.223572 114.567169 264.752365
298 129.760452 119.396049 264.493255
299 128.605606 115.602196 264.168169
300 124.396141 113.735870 263.901663
301 122.819084 110.642014 263.597236
302 123.381477 109.953804 263.261544
303 127.694237 113.198593 262.899153
304 135.525635 114.595764 262.375906
305 124.695160 111.732300 262.051835
306 123.591293 114.193207 261.816883
307 122.307343 112.280006 261.566199
308 120.483307 114.650581 261.420381
309 118.277184 111.801407 261.258487
310 118.582771 114.034294 261.144775
311 119.435417 111.214119 260.939242
312 116.250244 111.665962 260.824635
313 119.611526 114.928482 260.707559
314 119.054611 114.530807 260.594464
315 114.179108 110.598175 260.504941
316 120.902214 113.629372 260.323120
317 118.749657 113.150879 260.183150
318 118.178589 110.472282 259.990492
319 118.638924 109.826477 259.770181
320 117.859657 110.687660 259.590881
321 118.417641 112.322853 259.438512
322 117.675903 112.969223 259.320845
323 117.841629 113.051300 259.201086
324 116.406776 112.141243 259.094448
325 110.637550 108.434952 259.039383
326 110.432831 107.856224 258.974968
327 110.760963 109.377998 258.940394
328 114.211746 114.261292 258.941632
329 114.973915 110.680687 258.834302
330 111.734642 108.785019 258.760561
331 114.530807 108.904579 258.619905
332 114.824547 108.904579 258.471906
333 114.824547 108.785019 258.320918
334 116.725098 109.983109 258.152368
335 115.492790 109.377998 257.999499
336 116.241356 109.798882 257.838437
337 117.037254 110.386154 257.672159
338 115.942299 109.653824 257.514947
339 117.538834 111.341995 257.360026
340 115.312889 109.892265 257.224511
341 116.236717 110.472282 257.080400
342 114.702423 111.139816 256.991335
343 111.412979 107.130295 256.884268
344 113.891098 110.904076 256.809592
345 113.244980 111.471367 256.765252
346 113.385223 112.399605 256.740611
347 111.214119 108.778030 256.679709
348 110.224861 108.313820 256.631933
349 113.347664 109.983109 256.547819
350 110.760963 111.801407 256.573830
351 110.760963 108.980606 256.529321
352 113.017563 110.854462 256.475244
353 105.505043 109.983109 256.587195
354 107.650124 108.904579 256.618557
355 104.955849 105.945396 256.643295
356 102.757530 107.216072 256.754759
357 103.744911 106.912102 256.833939
358 101.867729 106.200722 256.942264
359 99.849014 105.287437 257.078224
360 96.940979 102.094757 257.207069
361 97.806404 101.103836 257.289504
362 97.471565 101.392128 257.387519
363 100.738899 101.392128 257.403849
364 102.242332 105.357491 257.481728
365 104.410110 109.195473 257.601362
366 106.699249 110.462273 257.695438
367 105.895264 109.238640 257.779022
368 106.348167 109.272194 257.852123
369 105.697792 109.983109 257.959256
370 107.289192 112.420433 258.087537
371 104.955849 110.934364 258.237000
372 105.001320 109.604088 258.352069
373 103.948090 108.792305 258.473174
374 104.300285 109.238640 258.596633
375 105.720924 109.525017 258.691735
376 109.440033 113.008865 258.780956
377 104.816322 109.358994 258.894523
378 101.611481 102.914635 258.927102
379 101.148987 97.883133 258.845456
380 97.943474 103.163239 258.975950
381 100.222160 100.619652 258.985887
382 101.003540 104.237282 259.066730
383 103.948090 106.805023 259.138154
384 108.183647 108.547966 259.147262
385 107.543251 109.323181 259.191760
386 110.103279 110.725555 259.207317
387 106.044266 104.762611 259.175276
388 109.308670 107.378929 259.127032
389 111.063446 110.462273 259.112003
390 108.103760 107.791199 259.104189
391 109.440033 106.912102 259.040990
392 111.933884 110.598175 259.007598
393 112.833656 104.520149 258.799760
394 107.102730 105.524117 258.760295
395 106.566078 103.760788 258.690162
396 108.321045 105.145706 258.610779
397 105.843086 102.898750 258.537171
398 107.076416 101.386429 258.394921
399 110.760963 106.059990 258.277397
400 111.063446 103.120407 258.078821
401 112.761971 104.520149 257.872775
402 109.238640 105.461220 257.778340
403 110.760963 104.743553 257.627904
404 109.772354 108.194206 257.588451
405 108.212868 109.025604 257.608769
406 107.758263 107.700424 257.607323
407 106.912102 108.313820 257.642366
408 104.635727 105.837997 257.672423
409 105.945396 102.907410 257.596473
410 111.868576 106.113419 257.452594
411 108.097260 98.350754 257.208932
412 104.215851 96.072456 257.005347
413 99.162354 95.946861 256.924959
414 100.508026 95.332161 256.795563
415 94.014175 0.000000 256.820563
416 94.351082 92.121094 256.764813
417 0.000000 92.245743 256.789813
418 93.066483 0.000000 256.814813
419 0.000000 0.000000 256.839813
420 0.000000 0.000000 256.864813
421 0.000000 0.000000 256.889813
422 0.000000 0.000000 256.914813
423 0.000000 0.000000 256.939813
424 0.000000 0.000000 256.964813
425 0.000000 0.000000 256.989813
426 0.000000 0.000000 257.014813
427 0.000000 0.000000 257.039813
428 0.000000 0.000000 257.064813
429 0.000000 0.000000 257.089813
430 0.000000 0.000000 257.114813
431 0.000000 0.000000 257.139813
432 0.000000 0.000000 257.164813
433 0.000000 0.000000 257.189813
434 0.000000 0.000000 257.214813
435 0.000000 0.000000 257.239813
436 0.000000 0.000000 257.264813
437 0.000000 0.000000 257.289813
438 0.000000 0.000000 257.314813
439 0.000000 0.000000 257.339813
440 0.000000 0.000000 257.364813
441 0.000000 0.000000 257.389813
442 0.000000 0.000000 257.414813
443 0.000000 0.000000 257.439813
444 0.000000 0.000000 257.464813
445 0.000000 0.000000 257.489813
446 0.000000 0.000000 257.514813
447 0.000000 0.000000 257.539813
448 0.000000 0.000000 257.564813
449 0.000000 0.000000 257.589813
450 0.000000 0.000000 257.614813
451 0.000000 0.000000 257.639813
452 0.000000 0.000000 257.664813
453 0.000000 0.000000 257.689813
454 0.000000 0.000000 257.714813
455 0.000000 0.000000 257.739813
456 0.000000 0.000000 257.764813
457 0.000000 0.000000 257.789813
458 0.000000 0.000000 257.814813
459 0.000000 0.000000 257.839813
460 0.000000 0.000000 257.864813
461 0.000000 0.000000 257.889813
462 0.000000 0.000000 257.914813
463 0.000000 0.000000 257.939813
464 0.000000 0.000000 257.964813
465 0.000000 0.000000 257.989813
466 0.000000 0.000000 258.014813
467 0.000000 0.000000 258.039813
468 0.000000 0.000000 258.064813
469 0.000000 0.000000 258.089813
470 0.000000 0.000000 258.114813
471 0.000000 0.000000 258.139813
472 0.000000 0.000000 258.164813
473 0.000000 0.000000 258.189813
474 0.000000 0.000000 258.214813
475 0.000000 0.000000 258.239813
476 0.000000 0.000000 258.264813
477 0.000000 0.000000 258.289813
478 0.000000 0.000000 258.314813
479 0.000000 0.000000 258.339813
480 0.000000 0.000000 258.364813
481 0.000000 0.000000 258.389813
482 0.000000 0.000000 258.414813
483 0.000000 0.000000 258.439813
484 0.000000 0.000000 258.464813
485 0.000000 0.000000 258.489813
486 0.000000 0.000000 258.514813
487 0.000000 0.000000 258.539813
488 0.000000 0.000000 258.564813
489 0.000000 0.000000 258.589813
490 0.000000 0.000000 258.614813
491 0.000000 0.000000 258.639813
492 0.000000 0.000000 258.664813
493 0.000000 0.000000 258.689813
494 0.000000 0.000000 258.714813
495 0.000000 0.000000 258.739813
496 0.000000 0.000000 258.764813
497 0.000000 0.000000 258.789813
498 0.000000 0.000000 258.814813
499 0.000000 0.000000 258.839813
500 0.000000 0.000000 258.864813
501 0.000000 0.000000 258.889813
502 0.000000 0.000000 258.914813
503 0.000000 0.000000 258.939813
504 0.000000 0.000000 258.964813
505 0.000000 0.000000 258.989813
506 0.000000 0.000000 259.014813
507 0.000000 0.000000 259.039813
508 0.000000 0.000000 259.064813
509 0.000000 0.000000 259.089813
510 0.000000 114.537735 259.114813
511 0.000000 0.000000 259.139813
512 0.000000 0.000000 259.164813
513 0.000000 0.000000 259.189813
514 0.000000 0.000000 259.214813
515 0.000000 0.000000 259.239813
516 0.000000 0.000000 259.264813
517 0.000000 0.000000 259.289813
518 0.000000 0.000000 259.314813
519 0.000000 0.000000 259.339813
520 0.000000 0.000000 259.364813
521 0.000000 0.000000 259.389813
522 0.000000 0.000000 259.414813
523 0.000000 0.000000 259.439813
524 0.000000 0.000000 259.464813
525 0.000000 0.000000 259.489813
526 0.000000 0.000000 259.514813
527 0.000000 0.000000 259.539813
528 0.000000 0.000000 259.564813
529 0.000000 0.000000 259.589813
530 0.000000 0.000000 259.614813
531 0.000000 0.000000 259.639813
532 0.000000 0.000000 259.664813
533 0.000000 0.000000 259.689813
534 0.000000 0.000000 259.714813
535 0.000000 0.000000 259.739813
536 0.000000 0.000000 259.764813
537 0.000000 0.000000 259.789813
538 0.000000 0.000000 259.814813
539 0.000000 0.000000 259.839813
540 0.000000 0.000000 259.864813
541 0.000000 0.000000 259.889813
542 114.341095 114.193207 259.886116
543 115.463348 128.774170 260.218886
544 115.277718 130.754379 260.605803
545 102.625832 103.412354 260.625466
546 100.341644 97.792076 260.561727
547 94.398705 94.864517 260.573372
548 99.323593 98.868263 260.561989
549 104.381393 105.145706 260.581097
550 115.182854 129.536163 260.939929
551 114.702423 128.494370 261.284728
552 116.095428 135.507034 261.770018
553 114.824547 123.098396 261.976864
554 113.787384 114.951515 262.005968
555 111.459953 114.111023 262.072244
556 110.432831 117.198120 262.241377
557 111.602234 108.914398 262.174181
558 115.144791 115.709946 262.188310
559 121.858009 122.799530 262.211848
560 120.306587 122.042419 262.255243
561 128.875809 125.821922 262.178896
562 131.088425 134.747589 262.270375
563 128.875809 136.261826 262.455026
564 123.499397 140.785553 262.887180
565 121.675461 139.826859 263.340965
566 122.922325 138.544769 263.731526
567 121.494804 137.511368 264.131940
568 134.020691 139.245605 264.262563
569 119.787415 127.010674 264.443144
570 120.430504 125.251404 264.563667
571 121.380234 130.257065 264.785588
572 119.357758 135.248032 265.182844
573 120.784149 131.423660 265.448832
574 123.395233 133.994919 265.713824
575 115.016891 141.842773 266.384471
576 116.245865 138.249115 266.934553
577 116.406776 147.611877 267.714680
578 111.412979 145.914124 268.577209
579 116.411026 142.188538 269.221646
580 120.904381 137.774277 269.643394
581 112.119362 138.483276 270.302492
582 120.661888 136.781952 270.705493
583 114.537735 129.805573 271.087189
584 115.933723 127.655701 271.380239
585 122.228760 132.510452 271.637281
586 125.251404 130.297943 271.763445
587 119.357758 130.717133 272.047429
588 120.842377 132.488632 272.338585
589 120.483307 132.225723 272.632146
590 116.408943 128.875809 272.943817
591 115.478264 123.098396 273.134321
592 119.569542 122.799530 273.215070
593 115.478264 130.985825 273.602759
594 117.969841 133.202057 273.983565
595 116.722885 132.688873 274.382714
596 114.995705 127.937393 274.706257
597 114.702423 123.490768 274.925965
598 113.484108 124.094978 275.191237
599 112.119362 137.009552 275.813492
600 112.380135 133.233734 276.334832
601 108.325394 131.219437 276.907183
602 106.044266 139.320801 277.739096
603 105.642250 125.788971 278.242764
604 112.905777 130.030258 278.670876
605 107.437637 124.191780 279.089730
606 107.969131 119.922119 279.388555
607 110.432831 125.166443 279.756895
608 114.068718 126.158180 280.059131
609 109.558258 120.052444 280.321486
610 119.224419 126.158180 280.494830
611 113.106331 128.938202 280.890627
612 113.428688 133.492569 281.392224
613 116.408943 125.537674 281.620442
614 114.650581 123.591293 281.843960
615 115.382126 123.886948 282.056581
616 116.411026 124.380333 282.255813
617 113.749496 123.490768 282.499345
618 116.082237 124.672760 282.714108
619 114.973915 127.223572 283.020350
620 113.017563 126.310257 283.352667
621 109.558258 124.672760 283.730529
622 114.973915 137.290619 284.288447
623 111.734642 129.760452 284.739092
624 109.323181 128.157227 285.209943
625 115.083595 128.550461 285.546615
626 110.432831 128.494370 285.998153
627 113.484108 131.423660 286.446642
628 114.356392 129.714554 286.830596
629 115.144791 133.185806 287.281622
630 116.411026 131.960602 287.670361
631 114.676857 130.297943 288.060888
632 117.824089 131.423660 288.400878
633 116.250244 129.058472 288.721083
634 114.824547 126.310257 289.008226
635 116.406776 130.717133 289.365985
636 124.261093 136.992096 289.684260
637 121.858009 137.270447 290.069571
638 114.727310 133.479233 290.538369
639 111.602234 130.985825 291.022959
640 110.680687 132.510452 291.568703
641 111.866371 132.249924 292.078292
642 113.150879 140.241806 292.755565
643 113.439941 140.609283 293.434798
644 111.269066 142.062607 294.204637
645 112.249023 131.020630 294.673927
646 115.790833 137.774277 295.223513
647 117.339272 136.507446 295.702718
648 115.083595 133.703934 296.168226
649 114.034294 131.284714 296.599487
650 115.478264 130.446228 296.973686
651 115.478264 129.313965 297.319578
652 122.735222 132.510452 297.563959
653 126.662552 135.996338 297.797304
654 122.549995 132.064331 298.035162
655 120.004929 130.173141 298.289367
656 121.083115 129.714554 298.505153
657 117.339272 128.603424 298.786757
658 114.676857 128.884491 299.141948
659 114.034294 128.333344 299.499424
660 114.502655 130.030258 299.887614
661 112.567009 133.233734 300.404282
662 117.807037 133.749207 300.802837
663 115.478264 129.313965 301.148729
664 119.958664 131.778961 301.444237
665 127.010674 130.297943 301.526418
666 123.009171 129.760452 301.695200
667 124.849358 129.942749 301.822535
668 119.261200 127.223572 302.021594
669 121.858009 128.379227 302.184625
670 116.565048 126.430855 302.431270
671 117.037254 125.537674 302.643781
672 116.075348 125.166443 302.871058
673 116.095428 125.537674 303.107114
674 117.486618 129.488525 303.407162
675 114.995705 127.085831 303.709415
676 114.871315 127.438568 304.023596
677 114.068718 130.679199 304.438858
678 113.051300 131.546677 304.901243
679 111.161255 136.273026 305.529037
680 112.119362 131.750885 306.019825
681 112.190285 132.249924 306.521316
682 110.600563 133.726974 307.099476
683 105.321510 124.963089 307.590516
684 108.323257 131.455246 308.168815
685 110.311012 126.940903 308.584563
686 116.250244 132.972672 309.002623
687 114.702423 131.633530 309.425901
688 115.790833 132.443863 309.842227
689 109.306305 125.417061 310.244996
690 112.380135 125.537674 310.573934
691 113.925041 127.937393 310.924243
692 118.749657 124.672760 311.072321
693 111.734642 118.638924 311.244928
694 110.885796 118.113205 311.425613
695 111.412979 118.156197 311.594193
696 112.782402 119.088852 311.751855
697 112.059204 120.335541 311.958763
698 109.536652 119.088852 312.197568
699 107.867683 116.878136 312.422829
700 111.997406 120.052444 312.624205
701 110.078232 117.525223 312.810380
702 112.067902 121.583817 313.048278
703 110.885796 118.779800 313.245628
704 112.067902 120.661888 313.460478
705 108.545776 117.360779 313.680853
706 109.677864 118.918350 313.911865
707 110.136299 118.134407 314.111818
708 112.761971 118.134407 314.246128
709 109.418472 115.615486 314.401054
710 112.592552 119.124054 314.564341
711 109.702858 116.404572 314.731884
712 110.347839 117.037254 314.899120
713 106.733597 116.565048 315.144906
714 106.868660 115.758125 315.367142
715 107.650124 116.882469 315.597951
716 108.217094 115.295547 315.774912
717 108.434952 114.145538 315.917677
718 109.093483 116.896225 316.112746
719 107.665192 116.088913 316.323339
720 107.076416 114.623566 316.512017
721 106.699249 114.650581 316.710801
722 106.733597 114.848251 316.913667
723 106.733597 113.244980 317.076452
724 105.995834 114.261292 317.283088
725 105.847710 115.295547 317.519284
726 107.758263 114.951515 317.699115
727 107.665192 115.062012 317.884036
728 104.635727 113.340523 318.101656
729 104.125488 111.801414 318.293554
730 104.470291 114.034294 318.532654
731 106.429298 115.124954 318.750045
732 102.144279 112.129944 318.999687
733 104.703552 109.340736 319.115617
734 102.875000 109.628441 319.284453
735 104.456757 112.646797 319.489204
736 105.642250 114.995705 319.723040
737 102.757530 115.277718 320.036045
738 102.399666 110.045250 320.227184
739 100.030212 110.013565 320.476768
740 102.295265 114.111023 320.772162
741 103.744911 110.637550 320.944478
742 99.739449 108.671700 321.167784
743 101.504814 107.856224 321.326570
744 101.551003 107.978424 321.487255
745 105.135841 110.013565 321.609198
746 103.815018 108.799889 321.733820
747 102.064888 107.771317 321.876481
748 102.680389 107.425430 321.995107
749 103.822060 108.904579 322.122170
750 104.601273 109.677864 322.249084
751 104.237282 110.806793 322.413322
752 102.445107 110.556046 322.616096
753 105.179932 112.562538 322.800661
754 101.560135 108.904579 322.984272
755 100.338905 107.995918 323.175697
756 100.407707 109.038040 323.391456
757 103.335106 109.025604 323.533718
758 102.885170 111.012077 323.736891
759 105.751175 109.983109 323.842689
760 103.706963 108.653633 323.966356
761 103.557190 108.653633 324.093767
762 101.070198 107.156761 324.245931
763 100.745857 107.402695 324.412352
764 100.939087 108.189041 324.593601
765 99.766678 104.604454 324.714545
766 97.895767 103.744911 324.860774
767 99.819298 103.412354 324.950600
768 98.130096 102.964508 325.071461
769 96.654427 100.738899 325.173572
770 96.286896 99.536629 325.254816
771 95.667282 100.007980 325.363333
772 97.696053 100.007980 325.421131
773 95.559944 97.070351 325.458891
774 94.085617 96.137260 325.510183
775 95.463844 98.601379 325.588621
776 94.844002 97.556343 325.656429
777 94.724449 98.642807 325.754388
778 97.057854 97.624199 325.768547
779 94.993744 96.340195 325.802208
780 96.286896 98.711433 325.862822
781 95.984955 97.431404 325.898983
782 96.654427 98.895851 325.955019
783 96.493523 99.381508 326.027218
784 96.519798 97.199242 326.044204
785 96.469818 97.678963 326.074433
786 95.290077 97.594635 326.132047
787 95.069427 96.562698 326.169379
788 97.989326 94.916565 326.092560
789 94.436478 96.340195 326.140153
790 94.969742 91.169136 326.045137
791 97.594635 95.411873 325.990568
792 0.000000 97.001266 326.015568
793 93.814079 94.573921 326.034564
794 96.241920 96.842773 326.049586
795 95.339241 96.788979 326.085829
796 95.463844 96.801315 326.119266
797 94.127586 96.410835 326.176347
798 94.236397 96.842773 326.241507
799 94.807961 96.562698 326.285375
800 95.559944 97.188530 326.326090
801 95.194435 97.284019 326.378329
802 97.594635 100.304848 326.446085
803 95.463844 98.790543 326.529252
804 95.463844 98.707367 326.610340
805 94.807961 96.709831 326.657887
806 96.054192 99.211029 326.736808
807 96.277298 98.673172 326.796705
808 94.945969 98.972633 326.897371
809 94.236397 98.285789 326.998606
810 100.407707 95.194435 326.868274
811 95.617577 99.211029 326.958111
812 94.474892 97.740341 327.039747
813 95.389305 98.130096 327.108267
814 95.389305 94.864517 327.095147
815 96.981064 96.775658 327.090012
816 94.844002 99.050713 327.195180
817 95.273895 98.471146 327.275111
818 94.236397 106.587341 327.583884
819 0.000000 97.969612 327.608884
820 0.000000 91.245361 327.633884
821 0.000000 0.000000 327.658884
822 0.000000 91.218872 327.683884
823 0.000000 0.000000 327.708884
824 0.000000 0.000000 327.733884
825 0.000000 0.000000 327.758884
826 0.000000 0.000000 327.783884
827 0.000000 0.000000 327.808884
828 0.000000 0.000000 327.833884
829 0.000000 0.000000 327.858884
830 0.000000 0.000000 327.883884
831 0.000000 0.000000 327.908884
832 0.000000 0.000000 327.933884
833 0.000000 0.000000 327.958884
834 0.000000 0.000000 327.983884
835 0.000000 0.000000 328.008884
836 0.000000 0.000000 328.033884
837 0.000000 0.000000 328.058884
838 0.000000 0.000000 328.083884
839 0.000000 0.000000 328.108884
840 0.000000 0.000000 328.133884
841 0.000000 0.000000 328.158884
842 0.000000 0.000000 328.183884
843 0.000000 0.000000 328.208884
844 0.000000 0.000000 328.233884
845 0.000000 0.000000 328.258884
846 0.000000 0.000000 328.283884
847 0.000000 0.000000 328.308884
848 0.000000 0.000000 328.333884
849 0.000000 0.000000 328.358884
850 0.000000 0.000000 328.383884
851 0.000000 0.000000 328.408884
852 0.000000 0.000000 328.433884
853 0.000000 0.000000 328.458884
854 0.000000 0.000000 328.483884
855 0.000000 0.000000 328.508884
856 0.000000 0.000000 328.533884
857 0.000000 0.000000 328.558884
858 0.000000 0.000000 328.583884
859 0.000000 0.000000 328.608884
860 0.000000 0.000000 328.633884
861 0.000000 0.000000 328.658884
862 0.000000 0.000000 328.683884
863 0.000000 0.000000 328.708884
864 0.000000 0.000000 328.733884
865 0.000000 0.000000 328.758884
866 0.000000 0.000000 328.783884
867 0.000000 0.000000 328.808884
868 0.000000 0.000000 328.833884
869 0.000000 0.000000 328.858884
870 0.000000 0.000000 328.883884
871 0.000000 0.000000 328.908884
872 0.000000 0.000000 328.933884
873 0.000000 0.000000 328.958884
874 0.000000 0.000000 328.983884
875 0.000000 0.000000 329.008884
876 0.000000 0.000000 329.033884
877 0.000000 0.000000 329.058884
878 0.000000 0.000000 329.083884
879 0.000000 0.000000 329.108884
880 0.000000 0.000000 329.133884
881 0.000000 0.000000 329.158884
882 0.000000 0.000000 329.183884
883 0.000000 0.000000 329.208884
884 0.000000 0.000000 329.233884
885 0.000000 0.000000 329.258884
886 0.000000 0.000000 329.283884
887 0.000000 0.000000 329.308884
888 0.000000 0.000000 329.333884
889 0.000000 0.000000 329.358884
890 0.000000 0.000000 329.383884
891 0.000000 0.000000 329.408884
892 0.000000 0.000000 329.433884
893 0.000000 0.000000 329.458884
894 0.000000 0.000000 329.483884
895 0.000000 0.000000 329.508884
896 0.000000 0.000000 329.533884
897 0.000000 0.000000 329.558884
898 0.000000 0.000000 329.583884
899 0.000000 0.000000 329.608884
900 0.000000 0.000000 329.633884
901 0.000000 0.000000 329.658884
902 0.000000 0.000000 329.683884
903 0.000000 0.000000 329.708884
904 0.000000 0.000000 329.733884
905 0.000000 0.000000 329.758884
906 0.000000 0.000000 329.783884
907 0.000000 0.000000 329.808884
908 0.000000 0.000000 329.833884
909 0.000000 0.000000 329.858884
910 0.000000 0.000000 329.883884
911 0.000000 0.000000 329.908884
912 0.000000 0.000000 329.933884
913 0.000000 0.000000 329.958884
914 0.000000 0.000000 329.983884
915 0.000000 0.000000 330.008884
916 0.000000 0.000000 330.033884
917 0.000000 0.000000 330.058884
918 0.000000 0.000000 330.083884
919 0.000000 0.000000 330.108884
920 0.000000 0.000000 330.133884
921 0.000000 0.000000 330.158884
922 0.000000 0.000000 330.183884
923 0.000000 0.000000 330.208884
924 0.000000 0.000000 330.233884
925 0.000000 0.000000 330.258884
926 0.000000 0.000000 330.283884
927 0.000000 0.000000 330.308884
928 0.000000 0.000000 330.333884
929 0.000000 0.000000 330.358884
930 0.000000 0.000000 330.383884
931 0.000000 0.000000 330.408884
932 0.000000 0.000000 330.433884
933 0.000000 0.000000 330.458884
934 0.000000 0.000000 330.483884
935 0.000000 0.000000 330.508884
936 0.000000 0.000000 330.533884
937 0.000000 0.000000 330.558884
938 0.000000 0.000000 330.583884
939 0.000000 0.000000 330.608884
940 0.000000 0.000000 330.633884
941 0.000000 0.000000 330.658884
942 0.000000 0.000000 330.683884
943 0.000000 0.000000 330.708884
944 0.000000 0.000000 330.733884
945 0.000000 0.000000 330.758884
946 0.000000 0.000000 330.783884
947 0.000000 0.000000 330.808884
948 0.000000 0.000000 330.833884
949 0.000000 0.000000 330.858884
950 0.000000 0.000000 330.883884
951 0.000000 0.000000 330.908884
952 0.000000 0.000000 330.933884
953 0.000000 0.000000 330.958884
954 0.000000 0.000000 330.983884
955 0.000000 0.000000 331.008884
956 0.000000 0.000000 331.033884
957 0.000000 0.000000 331.058884
958 0.000000 0.000000 331.083884
959 0.000000 0.000000 331.108884
960 0.000000 0.000000 331.133884
961 0.000000 0.000000 331.158884
962 0.000000 0.000000 331.183884
963 0.000000 0.000000 331.208884
964 0.000000 0.000000 331.233884
965 0.000000 0.000000 331.258884
966 0.000000 0.000000 331.283884
967 0.000000 0.000000 331.308884
968 0.000000 0.000000 331.333884
969 0.000000 0.000000 331.358884
970 0.000000 0.000000 331.383884
971 0.000000 0.000000 331.408884
972 0.000000 0.000000 331.433884
973 0.000000 0.000000 331.458884
974 0.000000 0.000000 331.483884
975 0.000000 0.000000 331.508884
976 0.000000 0.000000 331.533884
977 0.000000 0.000000 331.558884
978 0.000000 0.000000 331.583884
979 0.000000 0.000000 331.608884
980 0.000000 0.000000 331.633884
981 0.000000 0.000000 331.658884
982 0.000000 0.000000 331.683884
983 0.000000 0.000000 331.708884
984 0.000000 0.000000 331.733884
985 0.000000 0.000000 331.758884
986 0.000000 0.000000 331.783884
987 0.000000 0.000000 331.808884
988 0.000000 0.000000 331.833884
989 0.000000 0.000000 331.858884
990 0.000000 0.000000 331.883884
991 0.000000 0.000000 331.908884
992 0.000000 0.000000 331.933884
993 0.000000 0.000000 331.958884
994 0.000000 0.000000 331.983884
995 0.000000 0.000000 332.008884
996 0.000000 0.000000 332.033884
997 0.000000 0.000000 332.058884
998 0.000000 0.000000 332.083884
999 0.000000 0.000000 332.108884
1000 0.000000 0.000000 332.133884
1001 0.000000 0.000000 332.158884
1002 0.000000 0.000000 332.183884
1003 0.000000 0.000000 332.208884
1004 0.000000 0.000000 332.233884
1005 0.000000 0.000000 332.258884
1006 0.000000 0.000000 332.283884
1007 0.000000 0.000000 332.308884
1008 0.000000 0.000000 332.333884
1009 0.000000 0.000000 332.358884
1010 0.000000 0.000000 332.383884
1011 0.000000 0.000000 332.408884
1012 0.000000 0.000000 332.433884
1013 0.000000 0.000000 332.458884
1014 0.000000 0.000000 332.483884
1015 0.000000 0.000000 332.508884
1016 0.000000 0.000000 332.533884
1017 0.000000 0.000000 332.558884
1018 0.000000 0.000000 332.583884
1019 0.000000 0.000000 332.608884
1020 0.000000 0.000000 332.633884
1021 0.000000 0.000000 332.658884
1022 0.000000 0.000000 332.683884
1023 0.000000 0.000000 332.708884
1024 0.000000 0.000000 332.733884
1025 0.000000 0.000000 332.758884
1026 0.000000 0.000000 332.783884
1027 0.000000 0.000000 332.808884
1028 0.000000 0.000000 332.833884
1029 0.000000 0.000000 332.858884
1030 0.000000 0.000000 332.883884
1031 0.000000 0.000000 332.908884
1032 0.000000 0.000000 332.933884
1033 0.000000 0.000000 332.958884
1034 0.000000 0.000000 332.983884
1035 0.000000 0.000000 333.008884
1036 0.000000 0.000000 333.033884
1037 0.000000 0.000000 333.058884
1038 0.000000 0.000000 333.083884
1039 0.000000 0.000000 333.108884
1040 0.000000 0.000000 333.133884
1041 0.000000 0.000000 333.158884
1042 0.000000 0.000000 333.183884
1043 0.000000 0.000000 333.208884
1044 0.000000 0.000000 333.233884
1045 0.000000 0.000000 333.258884
1046 0.000000 0.000000 333.283884
1047 0.000000 0.000000 333.308884
1048 0.000000 0.000000 333.333884
1049 0.000000 0.000000 333.358884
1050 0.000000 0.000000 333.383884
1051 0.000000 0.000000 333.408884
1052 0.000000 0.000000 333.433884
1053 0.000000 0.000000 333.458884
1054 0.000000 0.000000 333.483884
1055 0.000000 0.000000 333.508884
1056 0.000000 0.000000 333.533884
1057 0.000000 0.000000 333.558884
1058 0.000000 0.000000 333.583884
1059 0.000000 0.000000 333.608884
1060 0.000000 0.000000 333.633884
1061 0.000000 0.000000 333.658884
1062 0.000000 0.000000 333.683884
1063 0.000000 0.000000 333.708884
1064 0.000000 0.000000 333.733884
1065 0.000000 0.000000 333.758884
1066 0.000000 0.000000 333.783884
1067 0.000000 0.000000 333.808884
1068 0.000000 0.000000 333.833884
1069 0.000000 0.000000 333.858884
1070 0.000000 0.000000 333.883884
1071 0.000000 0.000000 333.908884
1072 0.000000 0.000000 333.933884
1073 0.000000 0.000000 333.958884
1074 0.000000 0.000000 333.983884
1075 0.000000 0.000000 334.008884
1076 0.000000 0.000000 334.033884
1077 0.000000 0.000000 334.058884
1078 0.000000 0.000000 334.083884
1079 0.000000 0.000000 334.108884
1080 0.000000 0.000000 334.133884
1081 0.000000 0.000000 334.158884
1082 0.000000 0.000000 334.183884
1083 0.000000 0.000000 334.208884
1084 0.000000 0.000000 334.233884
1085 0.000000 0.000000 334.258884
1086 0.000000 0.000000 334.283884
1087 0.000000 0.000000 334.308884
1088 0.000000 0.000000 334.333884
1089 0.000000 0.000000 334.358884
1090 0.000000 0.000000 334.383884
1091 0.000000 0.000000 334.408884
1092 0.000000 0.000000 334.433884
1093 0.000000 0.000000 334.458884
1094 0.000000 0.000000 334.483884
1095 0.000000 0.000000 334.508884
1096 0.000000 0.000000 334.533884
1097 0.000000 0.000000 334.558884
1098 0.000000 0.000000 334.583884
1099 0.000000 0.000000 334.608884
1100 0.000000 0.000000 334.633884
