0 131.962677 131.217361 315.018633
1 132.137589 129.847916 315.075875
2 129.847916 130.601303 315.057040
3 127.665619 124.611130 315.133402
4 128.917664 125.499756 315.218850
5 126.076004 124.800674 315.250733
6 125.265762 124.237465 315.276441
7 128.506470 127.670250 315.297346
8 119.134293 125.537674 315.137262
9 128.249466 126.076004 315.191598
10 128.917664 125.499756 315.277046
11 123.599411 123.964645 315.267915
12 125.764442 124.611130 315.296748
13 126.366585 126.538719 315.292444
14 129.847916 126.674355 315.371783
15 130.060776 129.077637 315.396362
16 129.173660 126.342445 315.467142
17 125.819466 126.253838 315.456283
18 126.674355 121.243797 315.592047
19 129.472473 123.878540 315.731895
20 129.336288 122.855713 315.893910
21 130.060776 122.954369 316.071570
22 118.739799 120.068581 316.038350
23 131.962677 127.266396 316.155757
24 132.896210 129.336288 316.244755
25 131.962677 127.670250 316.352066
26 132.207306 127.588509 316.467536
27 129.457001 122.421059 316.643435
28 128.249466 122.574059 316.785320
29 128.558395 123.503441 316.911694
30 132.690933 124.800674 317.108950
31 125.933495 122.549995 317.193538
32 131.962677 128.047043 317.291428
33 132.913208 129.936386 317.365849
34 133.830856 130.060776 317.460101
35 133.122116 127.467392 317.601469
36 128.659805 126.326820 317.659794
37 129.636932 121.020653 317.875201
38 127.528442 121.079033 318.036436
39 126.740570 120.280334 318.197942
40 128.345581 122.005386 318.356447
41 130.060776 126.076004 318.456066
42 131.962677 127.815735 318.559739
43 131.217361 127.130928 318.661900
44 130.848709 128.659805 318.716623
45 125.490517 121.522179 318.815831
46 127.390152 123.597504 318.910648
47 127.647614 122.675270 319.034956
48 128.811386 121.628654 319.214524
49 116.933510 120.329086 319.129635
50 130.780914 130.314087 319.141306
51 128.506470 129.593063 319.114141
52 129.173660 126.803886 319.173385
53 128.453705 129.472473 319.147916
54 123.572884 124.883560 319.115149
55 126.076004 124.592293 319.152242
56 124.053276 124.060905 319.152051
57 127.130928 126.469238 319.168593
58 119.128822 120.037849 319.145868
59 128.249466 126.199806 319.197109
60 127.846428 127.528442 319.205059
61 128.761673 127.130928 319.245827
62 127.694237 127.874992 319.241309
63 123.599411 121.798912 319.286321
64 124.408470 124.060905 319.295010
65 125.499756 124.777824 319.313058
66 123.575935 123.221962 319.321908
67 128.761673 127.933266 319.342618
68 128.047043 126.412056 319.383493
69 128.102570 126.869904 319.414309
70 129.143982 129.382416 319.408348
71 126.869904 123.964645 319.480980
72 125.311211 122.696083 319.546358
73 125.154175 122.421059 319.614686
74 125.807755 123.878540 319.662916
75 129.636932 127.788643 319.709124
76 128.817078 128.345581 319.720911
77 127.328781 127.130928 319.725857
78 126.398621 126.076004 319.733923
79 123.147003 122.520935 319.749574
80 125.124405 124.525764 319.764540
81 125.537674 124.965134 319.778854
82 126.869904 126.398621 319.790636
83 129.847916 130.998169 319.761880
84 129.805557 127.130928 319.828745
85 127.729935 128.978409 319.797534
86 129.427795 130.314087 319.775376
87 123.219475 123.051445 319.779577
88 124.939308 125.423012 319.767484
89 124.777824 125.423012 319.751355
90 123.511017 125.807755 319.693936
91 122.549995 127.212982 319.577362
92 128.249466 129.889587 319.536359
93 128.761673 130.352020 319.496600
94 127.846428 130.352020 319.433960
95 126.869904 129.143982 319.377108
96 123.959061 125.154175 319.347230
97 124.226357 125.233315 319.322056
98 125.265762 126.412056 319.293399
99 117.265877 124.448189 319.113841
100 128.506470 130.314087 319.068651
101 127.130928 129.680099 319.004922
102 126.736809 125.807755 319.028148
103 117.588089 123.794052 318.872999
104 121.522179 125.807755 318.765859
105 120.796066 128.249466 318.579524
106 120.742958 127.130928 318.419825
107 122.597122 128.290176 318.277499
108 127.073067 131.962677 318.155259
109 128.761673 132.913208 318.051470
110 127.990608 128.917664 318.028294
111 121.522179 131.742783 317.772779
112 122.057381 126.054619 317.672848
113 126.607079 131.062775 317.561455
114 124.491989 130.601303 317.408722
115 125.882141 130.529175 317.292547
116 120.256432 126.342445 317.140396
117 122.520935 127.528442 317.015209
118 123.231705 127.130928 316.917728
119 123.231705 130.848709 316.727303
120 129.289398 127.588509 316.769825
121 125.764442 125.807755 316.768742
122 126.288551 126.607079 316.760779
123 124.226357 127.138573 316.687974
124 128.761673 131.742783 316.613446
125 127.990608 131.062775 316.536642
126 128.761673 127.846428 316.559523
127 120.228378 127.212982 316.384908
128 127.130928 127.528442 316.374970
129 128.761673 127.788643 316.399296
130 129.173660 131.524780 316.340518
131 110.955772 118.369049 316.155186
132 122.520935 127.138573 316.039745
133 123.241051 127.266396 315.939111
134 125.265762 128.102570 315.868191
135 129.173660 127.874992 315.900658
136 122.421059 126.607079 315.796007
137 123.231705 127.788643 315.682084
138 111.309311 121.583817 315.425221
139 129.173660 133.137390 315.326128
140 128.966751 133.821243 315.204766
141 129.680099 131.524780 315.158649
142 124.592293 127.903313 315.075873
143 124.140488 129.472473 314.942574
144 125.387886 128.558395 314.863311
145 126.869904 130.352020 314.776258
146 132.653122 135.233871 314.711739
147 129.636932 134.768036 314.583462
148 128.249466 132.878906 314.467726
149 127.524261 133.106613 314.328167
150 123.690063 129.015045 314.195042
151 124.408470 129.847916 314.059056
152 123.690063 129.722595 313.908243
153 113.267708 114.608498 313.874723
154 128.249466 133.363419 313.746874
155 126.803886 131.062775 313.640402
156 127.694237 131.962677 313.533691
157 121.970795 128.356934 313.374038
158 123.959061 130.275543 313.216125
159 123.779312 129.336288 313.077201
160 116.365410 121.145256 312.957705
161 129.636932 130.601303 312.933596
162 123.413719 129.173660 312.789597
163 123.870804 130.565536 312.622229
164 119.013710 125.537674 312.459130
165 128.249466 130.314087 312.407514
166 127.990608 132.429276 312.296548
167 128.506470 134.304123 312.151606
168 122.675270 130.780914 311.948965
169 123.959061 134.768036 311.678741
170 131.217361 138.338470 311.500713
171 129.503113 135.000000 311.363291
172 123.959061 133.137390 311.133833
173 124.226357 132.229782 310.933747
174 123.419380 131.716141 310.726328
175 113.690689 115.653259 310.677264
176 127.788643 134.068451 310.520268
177 127.729935 133.614075 310.373165
178 127.990608 134.292679 310.215613
179 121.970795 130.389343 310.005149
180 124.939308 135.231964 309.747833
181 127.390152 135.939194 309.534107
182 112.466743 124.085892 309.243628
183 123.870804 135.000000 308.965398
184 124.859207 132.913208 308.764048
185 123.870804 135.462067 308.474267
186 128.867783 135.231964 308.315162
187 128.966751 134.766144 308.170177
188 127.588509 134.068451 308.008179
189 121.115326 125.537674 307.897620
190 123.051445 131.962677 307.674839
191 125.345016 135.000000 307.433465
192 124.140488 133.363419 307.202892
193 128.659805 137.838791 306.973417
194 130.100906 139.001816 306.750894
195 129.382416 134.766144 306.616301
196 112.899864 124.894966 306.316423
197 126.027374 135.931549 306.068819
198 122.421059 131.987228 305.829665
199 120.186539 133.840332 305.488320
200 127.990608 134.534195 305.324730
201 127.933266 136.877869 305.101115
202 129.805557 135.924057 304.948153
203 119.908424 125.976868 304.796442
204 122.969398 137.103790 304.443082
205 121.352760 133.840332 304.130893
206 121.352760 135.230103 303.783959
207 126.607079 133.849640 303.602895
208 127.788643 136.397186 303.387681
209 127.990608 138.283859 303.130350
210 119.690712 122.675270 303.055736
211 122.421059 133.152390 302.787453
212 122.597122 134.068451 302.500670
213 123.419380 136.623322 302.170571
214 129.077637 138.503525 301.934924
215 132.207306 139.289154 301.757878
216 129.173660 136.408630 301.577003
217 121.551384 123.982895 301.516216
218 123.326294 133.625168 301.258744
219 123.781151 134.298462 300.995811
220 122.347450 134.537949 300.691049
221 126.869904 137.815552 300.417407
222 126.147995 137.121078 300.143080
223 122.319618 138.087646 299.748880
224 118.117867 120.230797 299.696056
225 121.352760 135.701538 299.337337
226 122.246696 134.768036 299.024303
227 117.299561 131.020630 298.681277
228 119.623756 134.768036 298.302670
229 120.629997 133.137390 297.989985
230 121.243797 136.623322 297.605497
231 125.459618 136.847610 297.320797
232 123.690063 138.969254 296.938817
233 125.614479 137.327805 296.645984
234 120.027122 124.615982 296.531263
235 125.614479 138.447388 296.210440
236 126.736809 140.325729 295.870717
237 115.953369 126.273857 295.612705
238 121.243797 134.534195 295.280445
239 119.023201 135.000000 294.881025
240 120.465546 135.462067 294.506112
241 124.592293 139.253845 294.139573
242 127.990608 138.475220 293.877458
243 131.308609 138.751724 293.691380
244 114.802658 126.126709 293.408278
245 122.619247 136.169144 293.069531
246 121.352760 134.068451 292.751639
247 120.682060 133.602814 292.428620
248 126.342445 132.653122 292.270853
249 121.304123 134.768036 291.934255
250 119.412498 132.690933 291.602294
251 124.695160 137.086777 291.292504
252 125.154175 136.636566 291.005444
253 120.350098 136.610306 290.598939
254 113.139465 122.922325 290.354367
255 126.342445 136.623322 290.097346
256 127.002518 138.113434 289.819573
257 126.310257 136.494339 289.564971
258 120.186539 132.913208 289.246804
259 119.538788 134.534195 288.871919
260 118.188980 134.068451 288.474932
261 124.237465 136.397186 288.170939
262 123.781151 137.327805 287.832273
263 118.231918 135.916656 287.390154
264 119.412498 133.821243 287.029935
265 118.636856 135.695862 286.603460
266 116.274216 136.169144 286.106087
267 109.867043 122.556671 285.788846
268 126.869904 138.283859 285.503498
269 125.499756 135.695862 285.248595
270 120.963760 130.640594 285.006674
271 117.142319 133.363419 284.601147
272 116.565048 134.304123 284.157670
273 117.299583 134.534195 283.726804
274 121.693245 136.385910 283.359488
275 123.781151 137.346878 283.020345
276 123.690063 138.503525 282.650008
277 118.188980 136.385910 282.195085
278 118.188980 133.376663 281.815393
279 116.854416 135.231964 281.355954
280 124.592293 133.602814 281.130691
281 123.051445 135.000000 280.831977
282 123.326294 136.397186 280.505205
283 112.619873 134.764221 279.951596
284 115.547211 133.376663 279.505860
285 116.420723 133.840332 279.070370
286 121.759476 134.768036 278.745156
287 123.781151 136.623322 278.424101
288 123.507309 137.529495 278.073547
289 114.193207 124.569778 277.814132
290 120.629997 135.695862 277.437486
291 116.854416 134.534195 276.995491
292 106.276260 119.086815 276.675227
293 123.599411 132.913208 276.442382
294 114.362450 137.988632 275.851728
295 119.128822 136.444122 275.418845
296 121.693245 136.893372 275.038842
297 123.599411 139.001816 274.653782
298 123.964645 134.298462 274.395437
299 117.142319 135.690277 273.931738
300 120.515274 135.695862 273.552223
301 121.585884 136.397186 273.181940
302 116.420723 137.121078 272.664432
303 121.243797 135.233871 272.314680
304 115.377739 135.000000 271.824123
305 119.500725 136.397186 271.401712
306 125.955322 138.503525 271.088007
307 115.253166 136.374832 270.559965
308 110.492599 116.718651 270.404314
309 120.515274 134.768036 270.047995
310 114.415550 134.292679 269.551066
311 117.871941 133.243011 269.166790
312 112.849762 135.695862 268.595637
313 115.077187 134.298462 268.115105
314 108.874550 120.897362 267.814535
315 115.839836 136.385910 267.300883
316 112.543060 135.462067 266.727908
317 109.415466 121.630661 266.422528
318 120.515274 139.647964 265.944211
319 119.623756 139.899094 265.437327
320 117.383514 134.758240 265.002959
321 114.062706 134.766144 264.485373
322 112.234993 132.913208 263.968418
323 107.744675 127.138573 263.483570
324 110.674431 133.376663 262.916015
325 108.110023 135.690277 262.226508
326 104.459404 120.593315 261.823161
327 107.417969 131.794785 261.213740
328 109.081108 135.233871 260.559921
329 105.216331 118.842659 260.219263
330 108.434952 139.859619 259.433646
331 116.413078 138.721313 258.875940
332 98.775047 123.845337 258.249183
333 112.234993 136.623322 257.639475
334 110.885796 129.930588 257.163355
335 112.543060 127.588509 256.787219
336 105.642250 125.807755 256.283081
337 0.000000 0.000000 256.308081
338 103.324539 0.000000 256.333081
339 0.000000 0.000000 256.358081
340 0.000000 0.000000 256.383081
341 0.000000 0.000000 256.408081
342 0.000000 0.000000 256.433081
343 0.000000 0.000000 256.458081
344 0.000000 0.000000 256.483081
345 0.000000 0.000000 256.508081
346 0.000000 0.000000 256.533081
347 0.000000 0.000000 256.558081
348 0.000000 0.000000 256.583081
349 0.000000 0.000000 256.608081
350 0.000000 0.000000 256.633081
351 0.000000 0.000000 256.658081
352 0.000000 0.000000 256.683081
353 0.000000 0.000000 256.708081
354 0.000000 0.000000 256.733081
355 0.000000 0.000000 256.758081
356 0.000000 0.000000 256.783081
357 0.000000 0.000000 256.808081
358 0.000000 0.000000 256.833081
359 0.000000 0.000000 256.858081
360 0.000000 0.000000 256.883081
361 0.000000 0.000000 256.908081
362 0.000000 0.000000 256.933081
363 0.000000 0.000000 256.958081
364 0.000000 0.000000 256.983081
365 0.000000 0.000000 257.008081
366 0.000000 0.000000 257.033081
367 0.000000 0.000000 257.058081
368 0.000000 0.000000 257.083081
369 0.000000 0.000000 257.108081
370 0.000000 0.000000 257.133081
371 0.000000 0.000000 257.158081
372 0.000000 0.000000 257.183081
373 0.000000 0.000000 257.208081
374 0.000000 0.000000 257.233081
375 0.000000 0.000000 257.258081
376 0.000000 0.000000 257.283081
377 0.000000 0.000000 257.308081
378 0.000000 0.000000 257.333081
379 0.000000 0.000000 257.358081
380 0.000000 0.000000 257.383081
381 0.000000 0.000000 257.408081
382 0.000000 0.000000 257.433081
383 0.000000 0.000000 257.458081
384 0.000000 0.000000 257.483081
385 0.000000 0.000000 257.508081
386 0.000000 0.000000 257.533081
387 0.000000 0.000000 257.558081
388 0.000000 0.000000 257.583081
389 0.000000 0.000000 257.608081
390 0.000000 0.000000 257.633081
391 0.000000 0.000000 257.658081
392 0.000000 0.000000 257.683081
393 0.000000 0.000000 257.708081
394 0.000000 0.000000 257.733081
395 0.000000 0.000000 257.758081
396 0.000000 0.000000 257.783081
397 0.000000 0.000000 257.808081
398 0.000000 0.000000 257.833081
399 0.000000 0.000000 257.858081
400 0.000000 0.000000 257.883081
401 0.000000 0.000000 257.908081
402 0.000000 0.000000 257.933081
403 0.000000 0.000000 257.958081
404 0.000000 0.000000 257.983081
405 0.000000 0.000000 258.008081
406 0.000000 0.000000 258.033081
407 0.000000 0.000000 258.058081
408 0.000000 0.000000 258.083081
409 0.000000 0.000000 258.108081
410 0.000000 0.000000 258.133081
411 0.000000 0.000000 258.158081
412 0.000000 0.000000 258.183081
413 0.000000 0.000000 258.208081
414 0.000000 0.000000 258.233081
415 0.000000 0.000000 258.258081
416 0.000000 0.000000 258.283081
417 0.000000 0.000000 258.308081
418 0.000000 0.000000 258.333081
419 0.000000 0.000000 258.358081
420 0.000000 0.000000 258.383081
421 0.000000 0.000000 258.408081
422 0.000000 0.000000 258.433081
423 0.000000 0.000000 258.458081
424 0.000000 0.000000 258.483081
425 0.000000 0.000000 258.508081
426 0.000000 0.000000 258.533081
427 0.000000 0.000000 258.558081
428 0.000000 0.000000 258.583081
429 0.000000 0.000000 258.608081
430 0.000000 0.000000 258.633081
431 0.000000 0.000000 258.658081
432 0.000000 0.000000 258.683081
433 0.000000 0.000000 258.708081
434 0.000000 0.000000 258.733081
435 0.000000 0.000000 258.758081
436 0.000000 0.000000 258.783081
437 0.000000 0.000000 258.808081
438 0.000000 0.000000 258.833081
439 0.000000 0.000000 258.858081
440 0.000000 0.000000 258.883081
441 0.000000 0.000000 258.908081
442 0.000000 0.000000 258.933081
443 0.000000 0.000000 258.958081
444 0.000000 0.000000 258.983081
445 0.000000 0.000000 259.008081
446 0.000000 0.000000 259.033081
447 0.000000 0.000000 259.058081
448 0.000000 0.000000 259.083081
449 0.000000 0.000000 259.108081
450 0.000000 0.000000 259.133081
451 0.000000 0.000000 259.158081
452 0.000000 0.000000 259.183081
453 0.000000 0.000000 259.208081
454 0.000000 0.000000 259.233081
455 0.000000 0.000000 259.258081
456 0.000000 0.000000 259.283081
457 0.000000 0.000000 259.308081
458 0.000000 0.000000 259.333081
459 0.000000 0.000000 259.358081
460 0.000000 0.000000 259.383081
461 0.000000 0.000000 259.408081
462 0.000000 0.000000 259.433081
463 0.000000 0.000000 259.458081
464 0.000000 0.000000 259.483081
465 0.000000 0.000000 259.508081
466 0.000000 0.000000 259.533081
467 0.000000 0.000000 259.558081
468 0.000000 0.000000 259.583081
469 0.000000 0.000000 259.608081
470 0.000000 0.000000 259.633081
471 0.000000 0.000000 259.658081
472 0.000000 0.000000 259.683081
473 0.000000 0.000000 259.708081
474 0.000000 0.000000 259.733081
475 0.000000 0.000000 259.758081
476 0.000000 0.000000 259.783081
477 0.000000 0.000000 259.808081
478 0.000000 0.000000 259.833081
479 0.000000 0.000000 259.858081
480 0.000000 0.000000 259.883081
481 0.000000 0.000000 259.908081
482 0.000000 0.000000 259.933081
483 0.000000 0.000000 259.958081
484 0.000000 0.000000 259.983081
485 0.000000 0.000000 260.008081
486 0.000000 0.000000 260.033081
487 0.000000 0.000000 260.058081
488 0.000000 0.000000 260.083081
489 0.000000 0.000000 260.108081
490 0.000000 0.000000 260.133081
491 0.000000 0.000000 260.158081
492 0.000000 0.000000 260.183081
493 0.000000 0.000000 260.208081
494 0.000000 0.000000 260.233081
495 0.000000 0.000000 260.258081
496 0.000000 0.000000 260.283081
497 0.000000 0.000000 260.308081
498 0.000000 0.000000 260.333081
499 0.000000 0.000000 260.358081
500 0.000000 0.000000 260.383081
501 0.000000 0.000000 260.408081
502 0.000000 0.000000 260.433081
503 0.000000 0.000000 260.458081
504 0.000000 0.000000 260.483081
505 0.000000 0.000000 260.508081
506 0.000000 0.000000 260.533081
507 0.000000 0.000000 260.558081
508 0.000000 0.000000 260.583081
509 0.000000 0.000000 260.608081
510 0.000000 0.000000 260.633081
511 0.000000 0.000000 260.658081
512 0.000000 0.000000 260.683081
513 0.000000 0.000000 260.708081
514 0.000000 0.000000 260.733081
515 0.000000 0.000000 260.758081
516 0.000000 0.000000 260.783081
517 0.000000 0.000000 260.808081
518 0.000000 0.000000 260.833081
519 0.000000 0.000000 260.858081
520 0.000000 0.000000 260.883081
521 0.000000 0.000000 260.908081
522 0.000000 0.000000 260.933081
523 0.000000 0.000000 260.958081
524 0.000000 0.000000 260.983081
525 0.000000 0.000000 261.008081
526 0.000000 0.000000 261.033081
527 0.000000 0.000000 261.058081
528 0.000000 0.000000 261.083081
529 0.000000 0.000000 261.108081
530 0.000000 0.000000 261.133081
531 0.000000 0.000000 261.158081
532 0.000000 0.000000 261.183081
533 0.000000 0.000000 261.208081
534 0.000000 0.000000 261.233081
535 0.000000 0.000000 261.258081
536 0.000000 0.000000 261.283081
537 0.000000 0.000000 261.308081
538 0.000000 0.000000 261.333081
539 0.000000 0.000000 261.358081
540 0.000000 0.000000 261.383081
541 0.000000 0.000000 261.408081
542 0.000000 0.000000 261.433081
543 0.000000 0.000000 261.458081
544 0.000000 0.000000 261.483081
545 0.000000 0.000000 261.508081
546 0.000000 0.000000 261.533081
547 0.000000 0.000000 261.558081
548 0.000000 0.000000 261.583081
549 0.000000 0.000000 261.608081
550 0.000000 0.000000 261.633081
551 0.000000 0.000000 261.658081
552 0.000000 0.000000 261.683081
553 0.000000 0.000000 261.708081
554 0.000000 0.000000 261.733081
555 0.000000 0.000000 261.758081
556 0.000000 0.000000 261.783081
557 0.000000 0.000000 261.808081
558 0.000000 0.000000 261.833081
559 0.000000 0.000000 261.858081
560 0.000000 0.000000 261.883081
561 0.000000 0.000000 261.908081
562 0.000000 0.000000 261.933081
563 0.000000 0.000000 261.958081
564 0.000000 0.000000 261.983081
565 0.000000 0.000000 262.008081
566 0.000000 0.000000 262.033081
567 0.000000 0.000000 262.058081
568 0.000000 0.000000 262.083081
569 0.000000 0.000000 262.108081
570 0.000000 0.000000 262.133081
571 0.000000 0.000000 262.158081
572 0.000000 0.000000 262.183081
573 0.000000 0.000000 262.208081
574 0.000000 0.000000 262.233081
575 0.000000 0.000000 262.258081
576 0.000000 0.000000 262.283081
577 0.000000 0.000000 262.308081
578 0.000000 0.000000 262.333081
579 0.000000 0.000000 262.358081
580 0.000000 0.000000 262.383081
581 0.000000 0.000000 262.408081
582 0.000000 0.000000 262.433081
583 0.000000 0.000000 262.458081
584 0.000000 0.000000 262.483081
585 0.000000 0.000000 262.508081
586 0.000000 0.000000 262.533081
587 0.000000 0.000000 262.558081
588 0.000000 0.000000 262.583081
589 0.000000 0.000000 262.608081
590 0.000000 0.000000 262.633081
591 0.000000 0.000000 262.658081
592 0.000000 0.000000 262.683081
593 0.000000 0.000000 262.708081
594 0.000000 0.000000 262.733081
595 0.000000 0.000000 262.758081
596 0.000000 0.000000 262.783081
597 0.000000 0.000000 262.808081
598 0.000000 0.000000 262.833081
599 0.000000 0.000000 262.858081
600 0.000000 0.000000 262.883081
601 0.000000 0.000000 262.908081
602 0.000000 0.000000 262.933081
603 0.000000 0.000000 262.958081
604 0.000000 0.000000 262.983081
605 0.000000 0.000000 263.008081
606 0.000000 0.000000 263.033081
607 0.000000 0.000000 263.058081
608 0.000000 0.000000 263.083081
609 0.000000 0.000000 263.108081
610 0.000000 0.000000 263.133081
611 0.000000 0.000000 263.158081
612 0.000000 0.000000 263.183081
613 0.000000 0.000000 263.208081
614 0.000000 0.000000 263.233081
615 0.000000 0.000000 263.258081
616 0.000000 0.000000 263.283081
617 0.000000 0.000000 263.308081
618 0.000000 0.000000 263.333081
619 0.000000 0.000000 263.358081
620 0.000000 0.000000 263.383081
621 0.000000 0.000000 263.408081
622 0.000000 0.000000 263.433081
623 0.000000 0.000000 263.458081
624 0.000000 0.000000 263.483081
625 0.000000 0.000000 263.508081
626 0.000000 0.000000 263.533081
627 0.000000 0.000000 263.558081
628 0.000000 0.000000 263.583081
629 0.000000 0.000000 263.608081
630 0.000000 0.000000 263.633081
631 0.000000 0.000000 263.658081
632 0.000000 0.000000 263.683081
633 0.000000 0.000000 263.708081
634 0.000000 0.000000 263.733081
635 0.000000 0.000000 263.758081
636 0.000000 0.000000 263.783081
637 0.000000 0.000000 263.808081
638 0.000000 0.000000 263.833081
639 0.000000 0.000000 263.858081
640 0.000000 0.000000 263.883081
641 0.000000 0.000000 263.908081
642 0.000000 0.000000 263.933081
643 0.000000 0.000000 263.958081
644 0.000000 0.000000 263.983081
645 0.000000 0.000000 264.008081
646 0.000000 0.000000 264.033081
647 0.000000 0.000000 264.058081
648 0.000000 0.000000 264.083081
649 0.000000 0.000000 264.108081
650 0.000000 0.000000 264.133081
651 0.000000 0.000000 264.158081
652 0.000000 0.000000 264.183081
653 0.000000 0.000000 264.208081
654 0.000000 0.000000 264.233081
655 0.000000 0.000000 264.258081
656 0.000000 0.000000 264.283081
657 0.000000 0.000000 264.308081
658 0.000000 0.000000 264.333081
659 0.000000 0.000000 264.358081
660 0.000000 0.000000 264.383081
661 0.000000 0.000000 264.408081
662 0.000000 0.000000 264.433081
663 0.000000 0.000000 264.458081
664 0.000000 0.000000 264.483081
665 0.000000 0.000000 264.508081
666 0.000000 0.000000 264.533081
667 0.000000 0.000000 264.558081
668 0.000000 0.000000 264.583081
669 0.000000 0.000000 264.608081
670 0.000000 0.000000 264.633081
671 0.000000 0.000000 264.658081
672 0.000000 0.000000 264.683081
673 0.000000 0.000000 264.708081
674 0.000000 0.000000 264.733081
675 0.000000 0.000000 264.758081
676 0.000000 0.000000 264.783081
677 0.000000 0.000000 264.808081
678 0.000000 0.000000 264.833081
679 0.000000 0.000000 264.858081
680 0.000000 0.000000 264.883081
681 0.000000 0.000000 264.908081
682 0.000000 0.000000 264.933081
683 0.000000 0.000000 264.958081
684 0.000000 0.000000 264.983081
685 0.000000 0.000000 265.008081
686 0.000000 0.000000 265.033081
687 0.000000 0.000000 265.058081
688 0.000000 0.000000 265.083081
689 0.000000 0.000000 265.108081
690 0.000000 0.000000 265.133081
691 0.000000 0.000000 265.158081
692 0.000000 0.000000 265.183081
693 0.000000 0.000000 265.208081
694 0.000000 0.000000 265.233081
695 0.000000 0.000000 265.258081
696 0.000000 0.000000 265.283081
697 0.000000 0.000000 265.308081
698 0.000000 0.000000 265.333081
699 0.000000 0.000000 265.358081
700 0.000000 0.000000 265.383081
701 0.000000 0.000000 265.408081
702 0.000000 0.000000 265.433081
703 0.000000 0.000000 265.458081
704 0.000000 0.000000 265.483081
705 0.000000 0.000000 265.508081
706 0.000000 0.000000 265.533081
707 0.000000 0.000000 265.558081
708 0.000000 0.000000 265.583081
709 0.000000 0.000000 265.608081
710 0.000000 0.000000 265.633081
711 0.000000 0.000000 265.658081
712 0.000000 0.000000 265.683081
713 0.000000 0.000000 265.708081
714 0.000000 0.000000 265.733081
715 0.000000 0.000000 265.758081
716 0.000000 0.000000 265.783081
717 0.000000 0.000000 265.808081
718 0.000000 0.000000 265.833081
719 0.000000 0.000000 265.858081
720 0.000000 0.000000 265.883081
721 0.000000 0.000000 265.908081
722 0.000000 0.000000 265.933081
723 0.000000 0.000000 265.958081
724 0.000000 0.000000 265.983081
725 0.000000 0.000000 266.008081
726 0.000000 0.000000 266.033081
727 0.000000 0.000000 266.058081
728 0.000000 0.000000 266.083081
729 0.000000 0.000000 266.108081
730 0.000000 0.000000 266.133081
731 0.000000 0.000000 266.158081
732 0.000000 0.000000 266.183081
733 0.000000 0.000000 266.208081
734 0.000000 0.000000 266.233081
735 0.000000 0.000000 266.258081
736 0.000000 0.000000 266.283081
737 0.000000 0.000000 266.308081
738 0.000000 0.000000 266.333081
739 0.000000 0.000000 266.358081
740 0.000000 0.000000 266.383081
741 0.000000 0.000000 266.408081
742 0.000000 0.000000 266.433081
743 0.000000 0.000000 266.458081
744 0.000000 0.000000 266.483081
745 0.000000 0.000000 266.508081
746 0.000000 0.000000 266.533081
747 0.000000 0.000000 266.558081
748 0.000000 0.000000 266.583081
749 0.000000 0.000000 266.608081
750 0.000000 0.000000 266.633081
751 0.000000 0.000000 266.658081
752 0.000000 0.000000 266.683081
753 0.000000 0.000000 266.708081
754 0.000000 0.000000 266.733081
755 0.000000 0.000000 266.758081
756 0.000000 0.000000 266.783081
757 0.000000 0.000000 266.808081
758 0.000000 0.000000 266.833081
759 0.000000 0.000000 266.858081
760 0.000000 0.000000 266.883081
761 0.000000 0.000000 266.908081
762 0.000000 0.000000 266.933081
763 0.000000 0.000000 266.958081
764 0.000000 0.000000 266.983081
765 0.000000 0.000000 267.008081
766 0.000000 0.000000 267.033081
767 0.000000 0.000000 267.058081
768 0.000000 0.000000 267.083081
769 0.000000 0.000000 267.108081
770 0.000000 0.000000 267.133081
771 0.000000 0.000000 267.158081
772 0.000000 0.000000 267.183081
773 0.000000 0.000000 267.208081
774 0.000000 0.000000 267.233081
775 0.000000 0.000000 267.258081
776 0.000000 0.000000 267.283081
777 0.000000 0.000000 267.308081
778 0.000000 0.000000 267.333081
779 0.000000 0.000000 267.358081
780 0.000000 0.000000 267.383081
781 0.000000 0.000000 267.408081
782 0.000000 0.000000 267.433081
783 0.000000 0.000000 267.458081
784 0.000000 0.000000 267.483081
785 0.000000 0.000000 267.508081
786 0.000000 0.000000 267.533081
787 0.000000 0.000000 267.558081
788 0.000000 0.000000 267.583081
789 0.000000 0.000000 267.608081
790 0.000000 0.000000 267.633081
791 0.000000 0.000000 267.658081
792 0.000000 0.000000 267.683081
793 0.000000 0.000000 267.708081
794 0.000000 0.000000 267.733081
795 0.000000 0.000000 267.758081
796 0.000000 0.000000 267.783081
797 0.000000 0.000000 267.808081
798 0.000000 0.000000 267.833081
799 0.000000 0.000000 267.858081
800 0.000000 0.000000 267.883081
801 0.000000 0.000000 267.908081
802 0.000000 0.000000 267.933081
803 0.000000 0.000000 267.958081
804 0.000000 0.000000 267.983081
805 0.000000 0.000000 268.008081
806 0.000000 0.000000 268.033081
807 0.000000 0.000000 268.058081
808 0.000000 0.000000 268.083081
809 0.000000 0.000000 268.108081
810 0.000000 0.000000 268.133081
811 0.000000 0.000000 268.158081
812 0.000000 0.000000 268.183081
813 0.000000 0.000000 268.208081
814 0.000000 0.000000 268.233081
815 0.000000 0.000000 268.258081
816 0.000000 0.000000 268.283081
817 0.000000 0.000000 268.308081
818 0.000000 0.000000 268.333081
819 0.000000 0.000000 268.358081
820 0.000000 0.000000 268.383081
821 0.000000 0.000000 268.408081
822 0.000000 0.000000 268.433081
823 0.000000 0.000000 268.458081
824 0.000000 0.000000 268.483081
825 0.000000 0.000000 268.508081
826 0.000000 0.000000 268.533081
827 0.000000 0.000000 268.558081
828 0.000000 0.000000 268.583081
829 0.000000 0.000000 268.608081
830 0.000000 0.000000 268.633081
831 0.000000 0.000000 268.658081
832 0.000000 0.000000 268.683081
833 0.000000 0.000000 268.708081
834 0.000000 0.000000 268.733081
835 0.000000 0.000000 268.758081
836 0.000000 0.000000 268.783081
837 0.000000 0.000000 268.808081
838 0.000000 0.000000 268.833081
839 0.000000 0.000000 268.858081
840 0.000000 0.000000 268.883081
841 0.000000 0.000000 268.908081
842 0.000000 0.000000 268.933081
843 0.000000 0.000000 268.958081
844 0.000000 0.000000 268.983081
845 0.000000 0.000000 269.008081
846 0.000000 0.000000 269.033081
847 0.000000 0.000000 269.058081
848 0.000000 0.000000 269.083081
849 0.000000 0.000000 269.108081
850 0.000000 0.000000 269.133081
851 0.000000 0.000000 269.158081
852 0.000000 0.000000 269.183081
853 0.000000 0.000000 269.208081
854 0.000000 0.000000 269.233081
855 0.000000 0.000000 269.258081
856 0.000000 0.000000 269.283081
857 0.000000 0.000000 269.308081
858 0.000000 0.000000 269.333081
859 0.000000 0.000000 269.358081
860 0.000000 0.000000 269.383081
861 0.000000 0.000000 269.408081
862 0.000000 0.000000 269.433081
863 0.000000 0.000000 269.458081
864 0.000000 0.000000 269.483081
865 0.000000 0.000000 269.508081
866 0.000000 0.000000 269.533081
867 0.000000 0.000000 269.558081
868 0.000000 0.000000 269.583081
869 0.000000 0.000000 269.608081
870 0.000000 0.000000 269.633081
871 0.000000 0.000000 269.658081
872 0.000000 0.000000 269.683081
873 0.000000 0.000000 269.708081
874 0.000000 0.000000 269.733081
875 0.000000 0.000000 269.758081
876 0.000000 0.000000 269.783081
877 0.000000 0.000000 269.808081
878 0.000000 0.000000 269.833081
879 0.000000 0.000000 269.858081
880 0.000000 0.000000 269.883081
881 0.000000 0.000000 269.908081
882 0.000000 0.000000 269.933081
883 0.000000 0.000000 269.958081
884 0.000000 0.000000 269.983081
885 0.000000 0.000000 270.008081
886 0.000000 0.000000 270.033081
887 0.000000 0.000000 270.058081
888 0.000000 0.000000 270.083081
889 0.000000 0.000000 270.108081
890 0.000000 0.000000 270.133081
891 0.000000 0.000000 270.158081
892 0.000000 0.000000 270.183081
893 0.000000 0.000000 270.208081
894 0.000000 0.000000 270.233081
895 0.000000 0.000000 270.258081
896 0.000000 0.000000 270.283081
897 0.000000 0.000000 270.308081
898 0.000000 0.000000 270.333081
899 0.000000 0.000000 270.358081
900 0.000000 0.000000 270.383081
901 0.000000 0.000000 270.408081
902 0.000000 0.000000 270.433081
903 0.000000 0.000000 270.458081
904 0.000000 0.000000 270.483081
905 0.000000 0.000000 270.508081
906 0.000000 0.000000 270.533081
907 0.000000 0.000000 270.558081
908 0.000000 0.000000 270.583081
909 0.000000 0.000000 270.608081
910 0.000000 0.000000 270.633081
911 0.000000 0.000000 270.658081
912 0.000000 0.000000 270.683081
913 0.000000 0.000000 270.708081
914 0.000000 0.000000 270.733081
915 0.000000 0.000000 270.758081
916 0.000000 0.000000 270.783081
917 0.000000 0.000000 270.808081
918 0.000000 0.000000 270.833081
919 0.000000 0.000000 270.858081
920 0.000000 0.000000 270.883081
921 0.000000 0.000000 270.908081
922 0.000000 0.000000 270.933081
923 0.000000 0.000000 270.958081
924 0.000000 0.000000 270.983081
925 0.000000 0.000000 271.008081
926 0.000000 0.000000 271.033081
927 0.000000 0.000000 271.058081
928 0.000000 0.000000 271.083081
929 0.000000 0.000000 271.108081
930 0.000000 0.000000 271.133081
931 0.000000 0.000000 271.158081
932 0.000000 0.000000 271.183081
933 0.000000 0.000000 271.208081
934 0.000000 0.000000 271.233081
935 0.000000 0.000000 271.258081
936 0.000000 0.000000 271.283081
937 0.000000 0.000000 271.308081
938 0.000000 0.000000 271.333081
939 0.000000 0.000000 271.358081
940 0.000000 0.000000 271.383081
941 0.000000 0.000000 271.408081
942 0.000000 0.000000 271.433081
943 0.000000 0.000000 271.458081
944 0.000000 0.000000 271.483081
945 0.000000 0.000000 271.508081
946 0.000000 0.000000 271.533081
947 0.000000 0.000000 271.558081
948 0.000000 0.000000 271.583081
949 0.000000 0.000000 271.608081
950 0.000000 0.000000 271.633081
951 0.000000 0.000000 271.658081
952 0.000000 0.000000 271.683081
953 0.000000 0.000000 271.708081
954 0.000000 0.000000 271.733081
955 0.000000 0.000000 271.758081
956 0.000000 0.000000 271.783081
957 0.000000 0.000000 271.808081
958 0.000000 0.000000 271.833081
959 0.000000 0.000000 271.858081
960 0.000000 0.000000 271.883081
961 0.000000 0.000000 271.908081
962 0.000000 0.000000 271.933081
963 0.000000 0.000000 271.958081
964 0.000000 0.000000 271.983081
965 0.000000 0.000000 272.008081
966 0.000000 0.000000 272.033081
967 0.000000 0.000000 272.058081
968 0.000000 0.000000 272.083081
969 0.000000 0.000000 272.108081
970 0.000000 0.000000 272.133081
971 0.000000 0.000000 272.158081
972 0.000000 0.000000 272.183081
973 0.000000 0.000000 272.208081
974 0.000000 0.000000 272.233081
975 0.000000 0.000000 272.258081
976 0.000000 0.000000 272.283081
977 0.000000 0.000000 272.308081
978 0.000000 0.000000 272.333081
979 0.000000 0.000000 272.358081
980 0.000000 0.000000 272.383081
981 0.000000 0.000000 272.408081
982 0.000000 0.000000 272.433081
983 0.000000 0.000000 272.458081
984 0.000000 0.000000 272.483081
985 0.000000 0.000000 272.508081
986 0.000000 0.000000 272.533081
987 0.000000 0.000000 272.558081
988 0.000000 0.000000 272.583081
989 0.000000 0.000000 272.608081
990 0.000000 0.000000 272.633081
991 0.000000 0.000000 272.658081
992 0.000000 0.000000 272.683081
993 0.000000 0.000000 272.708081
994 0.000000 0.000000 272.733081
995 0.000000 0.000000 272.758081
996 0.000000 0.000000 272.783081
997 0.000000 0.000000 272.808081
998 0.000000 0.000000 272.833081
999 0.000000 0.000000 272.858081
1000 0.000000 0.000000 272.883081
1001 0.000000 0.000000 272.908081
1002 0.000000 0.000000 272.933081
1003 0.000000 0.000000 272.958081
1004 0.000000 0.000000 272.983081
1005 0.000000 0.000000 273.008081
1006 0.000000 0.000000 273.033081
1007 0.000000 0.000000 273.058081
1008 0.000000 0.000000 273.083081
1009 0.000000 0.000000 273.108081
1010 0.000000 0.000000 273.133081
1011 0.000000 0.000000 273.158081
1012 0.000000 0.000000 273.183081
1013 0.000000 0.000000 273.208081
1014 0.000000 0.000000 273.233081
1015 0.000000 0.000000 273.258081
1016 0.000000 98.530762 273.283081
1017 141.599915 117.743202 273.879499
1018 136.636566 132.161209 273.991383
1019 145.007980 138.394913 274.156710
1020 150.086349 146.876266 274.236962
1021 149.500168 154.049362 274.123232
1022 150.715820 157.198990 273.961153
1023 146.852997 152.681107 273.815450
1024 149.317932 151.042770 273.772329
1025 149.484741 142.066727 273.957779
1026 147.144287 147.045624 273.960246
1027 150.913193 150.007263 273.982894
1028 153.886093 151.496002 274.042646
1029 147.888184 137.327805 274.306656
1030 145.034882 143.997131 274.332600
1031 146.492691 145.939102 274.346439
1032 147.680374 139.434464 274.552587
1033 156.175735 143.263184 274.875401
1034 155.272675 149.620865 275.016696
1035 150.007263 143.800186 275.171873
1036 150.051208 149.264511 275.191541
1037 156.889557 147.425934 275.428131
1038 155.666138 144.734238 275.701429
1039 155.501434 140.194427 276.084104
1040 153.745499 138.782639 276.458175
1041 152.192947 140.496887 276.750577
1042 154.358978 135.946945 277.210878
1043 153.434952 131.248276 277.765545
1044 146.778030 129.336288 278.201588
1045 152.049042 132.653122 278.686486
1046 152.827072 129.382416 279.272602
1047 151.470428 136.408630 279.649147
1048 151.011185 135.231964 280.043628
1049 142.643372 139.763641 280.115621
1050 145.859497 138.846039 280.290958
1051 146.768280 136.169144 280.555936
1052 148.570435 135.695862 280.877800
1053 145.175507 139.434464 281.021326
1054 150.715820 141.340195 281.255717
1055 152.085297 140.496887 281.545427
1056 153.126068 142.034973 281.822705
1057 153.279266 137.121078 282.226659
1058 156.037506 139.724457 282.634486
1059 152.827072 137.886429 283.008002
1060 154.687119 137.815552 283.429791
1061 153.741348 136.208588 283.868110
1062 153.745499 138.882889 284.239675
1063 150.422165 137.591873 284.560432
1064 151.907425 135.931549 284.959829
1065 152.660721 138.283859 285.319251
1066 155.674423 135.477463 285.824175
1067 155.501434 135.931549 286.313422
1068 155.415115 131.962677 286.899733
1069 157.456940 129.193283 287.606324
1070 154.049362 126.528862 288.294337
1071 153.281342 133.137390 288.797936
1072 152.681107 134.766144 289.245810
1073 151.927521 116.270477 290.137236
1074 157.638107 127.528442 290.889977
1075 158.697357 132.633743 291.541568
1076 154.781082 128.554581 292.197230
1077 145.175507 130.780914 292.557095
1078 151.336044 132.161209 293.036466
1079 152.085297 130.454651 293.577232
1080 156.665970 130.100906 294.241359
1081 155.415115 123.690063 295.034485
1082 152.835007 119.577850 295.865914
1083 153.434952 123.595528 296.611900
1084 154.346741 131.248276 297.189361
1085 154.653839 132.184448 297.751096
1086 152.067398 130.352020 298.293980
1087 154.041229 130.998169 298.870057
1088 153.134171 129.936386 299.450002
1089 155.969818 125.154175 300.220393
1090 153.582993 123.964645 300.960851
1091 153.582993 125.807755 301.655232
1092 152.842758 129.266617 302.244636
1093 152.827072 123.231705 302.984520
1094 154.781082 119.992737 303.854229
1095 156.104828 124.695137 304.639471
1096 154.049362 130.060776 305.239186
1097 148.570435 135.707321 305.560763
1098 150.913193 127.328781 306.150374
1099 145.456253 130.529175 306.523551
1100 154.653839 135.707321 306.997214
1101 153.434952 135.707321 307.440404
1102 147.244522 134.768036 307.752316
1103 146.500595 133.840332 308.068823
1104 150.511108 132.896210 308.509196
1105 149.868286 132.861328 308.934369
1106 150.471329 133.137390 309.367718
1107 150.086349 135.701538 309.727338
1108 147.244522 133.137390 310.080017
1109 144.700378 136.397186 310.287596
1110 150.846222 140.451553 310.547463
1111 152.827072 136.893372 310.945806
1112 153.126068 132.633743 311.458114
1113 153.582993 131.062775 312.021119
1114 155.063080 123.051445 312.821410
1115 150.041321 119.569542 313.583204
1116 153.126068 120.113724 314.408513
1117 149.886261 120.963760 315.131576
1118 146.689362 127.528442 315.610599
1119 152.225708 127.729935 316.222993
1120 148.977356 128.138474 316.743965
1121 148.438187 132.633743 317.139076
1122 150.846222 127.788643 317.715516
1123 151.606979 125.154175 318.376836
1124 151.470428 126.469238 319.001865
1125 152.827072 126.607079 319.657365
1126 150.255112 127.788643 320.219027
1127 152.513382 122.755470 320.962975
1128 152.209564 125.499756 321.630720
1129 145.830063 127.002518 322.101409
1130 145.830063 129.636932 322.506237
1131 151.417236 131.217361 323.011234
1132 146.496552 131.062775 323.397078
1133 146.504822 129.762527 323.815635
1134 153.745499 138.591263 324.194491
1135 154.962494 134.766144 324.699400
1136 152.660721 131.962677 325.216851
1137 145.905029 129.336288 325.631070
1138 144.713257 125.499756 326.111407
1139 149.569489 128.817078 326.630218
1140 147.225128 127.130928 327.132573
1141 150.715820 131.742783 327.606898
1142 150.007263 131.661530 328.065542
1143 154.622269 125.807755 328.785905
1144 151.250336 129.126038 329.339012
1145 152.818893 131.496475 329.872073
1146 153.134171 132.653122 330.384099
1147 152.700439 134.068451 330.849899
1148 154.049362 131.496475 331.413721
1149 151.927521 135.707321 331.819226
1150 153.745499 129.289398 332.430628
1151 150.086349 127.067238 333.006106
1152 127.223572 116.107910 333.283998
1153 0.000000 99.090271 333.308998
1154 0.000000 104.697319 333.333998
1155 0.000000 0.000000 333.358998
1156 0.000000 0.000000 333.383998
1157 0.000000 0.000000 333.408998
1158 0.000000 0.000000 333.433998
1159 0.000000 0.000000 333.458998
1160 0.000000 0.000000 333.483998
1161 0.000000 0.000000 333.508998
1162 0.000000 0.000000 333.533998
1163 0.000000 0.000000 333.558998
1164 0.000000 0.000000 333.583998
1165 0.000000 0.000000 333.608998
1166 0.000000 0.000000 333.633998
1167 0.000000 0.000000 333.658998
1168 0.000000 0.000000 333.683998
1169 0.000000 0.000000 333.708998
1170 0.000000 0.000000 333.733998
1171 0.000000 0.000000 333.758998
1172 0.000000 0.000000 333.783998
1173 0.000000 0.000000 333.808998
1174 0.000000 0.000000 333.833998
1175 0.000000 0.000000 333.858998
1176 0.000000 0.000000 333.883998
1177 0.000000 0.000000 333.908998
1178 0.000000 0.000000 333.933998
1179 0.000000 0.000000 333.958998
1180 0.000000 0.000000 333.983998
1181 0.000000 0.000000 334.008998
1182 0.000000 0.000000 334.033998
1183 0.000000 0.000000 334.058998
1184 0.000000 0.000000 334.083998
1185 0.000000 0.000000 334.108998
1186 0.000000 0.000000 334.133998
1187 0.000000 0.000000 334.158998
1188 0.000000 0.000000 334.183998
1189 0.000000 0.000000 334.208998
1190 0.000000 0.000000 334.233998
1191 0.000000 0.000000 334.258998
1192 0.000000 0.000000 334.283998
1193 0.000000 0.000000 334.308998
1194 0.000000 0.000000 334.333998
1195 0.000000 0.000000 334.358998
1196 0.000000 0.000000 334.383998
1197 0.000000 0.000000 334.408998
1198 0.000000 0.000000 334.433998
1199 0.000000 0.000000 334.458998
1200 0.000000 0.000000 334.483998
1201 0.000000 0.000000 334.508998
1202 0.000000 0.000000 334.533998
1203 0.000000 0.000000 334.558998
1204 0.000000 0.000000 334.583998
1205 0.000000 0.000000 334.608998
1206 0.000000 0.000000 334.633998
1207 0.000000 0.000000 334.658998
1208 0.000000 0.000000 334.683998
1209 0.000000 0.000000 334.708998
1210 0.000000 0.000000 334.733998
1211 0.000000 0.000000 334.758998
1212 0.000000 0.000000 334.783998
1213 0.000000 0.000000 334.808998
1214 0.000000 0.000000 334.833998
1215 0.000000 0.000000 334.858998
1216 0.000000 0.000000 334.883998
1217 0.000000 0.000000 334.908998
1218 0.000000 0.000000 334.933998
1219 0.000000 0.000000 334.958998
1220 0.000000 0.000000 334.983998
1221 0.000000 0.000000 335.008998
1222 0.000000 0.000000 335.033998
1223 0.000000 0.000000 335.058998
1224 0.000000 0.000000 335.083998
1225 0.000000 0.000000 335.108998
1226 0.000000 0.000000 335.133998
1227 0.000000 0.000000 335.158998
1228 0.000000 0.000000 335.183998
1229 0.000000 0.000000 335.208998
1230 0.000000 0.000000 335.233998
1231 0.000000 0.000000 335.258998
1232 0.000000 0.000000 335.283998
1233 0.000000 0.000000 335.308998
1234 0.000000 0.000000 335.333998
1235 0.000000 0.000000 335.358998
1236 0.000000 0.000000 335.383998
1237 0.000000 0.000000 335.408998
1238 0.000000 0.000000 335.433998
1239 0.000000 0.000000 335.458998
1240 0.000000 0.000000 335.483998
1241 0.000000 0.000000 335.508998
1242 0.000000 0.000000 335.533998
1243 0.000000 0.000000 335.558998
1244 0.000000 0.000000 335.583998
1245 0.000000 0.000000 335.608998
1246 0.000000 0.000000 335.633998
1247 0.000000 0.000000 335.658998
1248 0.000000 0.000000 335.683998
1249 0.000000 0.000000 335.708998
1250 0.000000 0.000000 335.733998
1251 0.000000 0.000000 335.758998
1252 0.000000 0.000000 335.783998
1253 0.000000 0.000000 335.808998
1254 0.000000 0.000000 335.833998
1255 0.000000 0.000000 335.858998
1256 0.000000 0.000000 335.883998
1257 0.000000 0.000000 335.908998
1258 0.000000 0.000000 335.933998
1259 0.000000 0.000000 335.958998
1260 0.000000 0.000000 335.983998
1261 0.000000 0.000000 336.008998
1262 0.000000 0.000000 336.033998
1263 0.000000 0.000000 336.058998
1264 0.000000 0.000000 336.083998
1265 0.000000 0.000000 336.108998
1266 0.000000 0.000000 336.133998
1267 0.000000 0.000000 336.158998
1268 0.000000 0.000000 336.183998
1269 0.000000 0.000000 336.208998
1270 0.000000 0.000000 336.233998
1271 0.000000 0.000000 336.258998
1272 0.000000 0.000000 336.283998
1273 0.000000 0.000000 336.308998
1274 0.000000 0.000000 336.333998
1275 0.000000 0.000000 336.358998
1276 0.000000 0.000000 336.383998
1277 0.000000 0.000000 336.408998
1278 0.000000 0.000000 336.433998
1279 0.000000 0.000000 336.458998
1280 0.000000 0.000000 336.483998
1281 0.000000 0.000000 336.508998
1282 0.000000 0.000000 336.533998
1283 0.000000 0.000000 336.558998
1284 0.000000 0.000000 336.583998
1285 0.000000 0.000000 336.608998
1286 0.000000 0.000000 336.633998
1287 0.000000 0.000000 336.658998
1288 0.000000 0.000000 336.683998
1289 0.000000 0.000000 336.708998
1290 0.000000 0.000000 336.733998
1291 0.000000 0.000000 336.758998
1292 0.000000 0.000000 336.783998
1293 0.000000 0.000000 336.808998
1294 0.000000 0.000000 336.833998
1295 0.000000 0.000000 336.858998
1296 0.000000 0.000000 336.883998
1297 0.000000 0.000000 336.908998
1298 0.000000 0.000000 336.933998
1299 0.000000 0.000000 336.958998
1300 0.000000 0.000000 336.983998
1301 0.000000 0.000000 337.008998
1302 0.000000 0.000000 337.033998
1303 0.000000 0.000000 337.058998
1304 0.000000 0.000000 337.083998
1305 0.000000 0.000000 337.108998
1306 0.000000 0.000000 337.133998
1307 0.000000 0.000000 337.158998
1308 0.000000 0.000000 337.183998
1309 0.000000 0.000000 337.208998
1310 0.000000 0.000000 337.233998
1311 0.000000 0.000000 337.258998
1312 0.000000 0.000000 337.283998
1313 0.000000 0.000000 337.308998
1314 0.000000 0.000000 337.333998
1315 0.000000 0.000000 337.358998
1316 0.000000 0.000000 337.383998
1317 0.000000 0.000000 337.408998
1318 0.000000 0.000000 337.433998
1319 0.000000 0.000000 337.458998
1320 0.000000 0.000000 337.483998
1321 0.000000 0.000000 337.508998
1322 0.000000 0.000000 337.533998
1323 0.000000 0.000000 337.558998
